7F 6 (100)(10)  
3F3 4 (211)(21)  
3K2 4 (211)(30)  
1G3 4 (220)(21)  
5S 4 (111)(00)  
3F4 4 (211)(30)  
3K3 6 (221)(21)  
1G4 4 (220)(22)  
5P 6 (210)(11)  
3F5 6 (221)(10)  
3K4 6 (221)(30)  
1G5 6 (222)(20)  
5D1 4 (111)(20)  
3F6 6 (221)(21)  
3K5 6 (221)(31)A  
1G6 6 (222)(30)  
5D2 6 (210)(20)  
3F7 6 (221)(30)  
3K6 6 (221)(31)B  
1G7 6 (222)(40)A  
5D3 6 (210)(21)  
3F8 6 (221)(31)A  
3L1 4 (211)(21)  
1G8 6 (222)(40)B  
5F1 4 (111)(10)  
3F9 6 (221)(31)B  
3L2 6 (221)(21)  
1H1 4 (220)(21)  
5F2 6 (210)(21)  
3G1 4 (211)(20)  
3L3 6 (221)(31)  
1H2 4 (220)(22)  
5G1 4 (111)(20)  
3G2 4 (211)(21)  
3M1 4 (211)(30)  
1H3 6 (222)(30)  
5G2 6 (210)(20)  
3G3 4 (211)(30)  
3M2 6 (221)(30)  
1H4 6 (222)(40)  
5G3 6 (210)(21)  
3G4 6 (221)(20)  
3M3 6 (221)(31)  
1I1 2 (200)(20)  
5H1 6 (210)(11)  
3G5 6 (221)(21)  
3N 6 (221)(31)  
1I2 4 (220)(20)  
5H2 6 (210)(21)  
3G6 6 (221)(30)  
3O 6 (221)(31)  
1I3 4 (220)(22)  
5I1 4 (111)(20)  
3G7 6 (221)(31)  
1S1 0 (000)(00)  
1I4 6 (222)(20)  
5I2 6 (210)(20)  
3H1 2 (110)(11)  
1S2 4 (220)(22)  
1I5 6 (222)(30)  
5K 6 (210)(21)  
3H2 4 (211)(11)  
1S3 6 (222)(00)  
1I6 6 (222)(40)A  
5L 6 (210)(21)  
3H3 4 (211)(21)  
1S4 6 (222)(40)  
1I7 6 (222)(40)B  
3P1 2 (110)(11)  
3H4 4 (211)(30)  
1P 6 (222)(30)  
1K1 4 (220)(21)  
3P2 4 (211)(11)  
3H5 6 (221)(11)  
1D1 2 (200)(20)  
1K2 6 (222)(30)  
3P3 4 (211)(30)  
3H6 6 (221)(21)  
1D2 4 (220)(20)  
1K3 6 (222)(40)  
3P4 6 (221)(11)  
3H7 6 (221)(30)  
1D3 4 (220)(21)  
1L1 4 (220)(21)  
3P5 6 (221)(30)  
3H8 6 (221)(31)A  
1D4 4 (220)(22)  
1L2 4 (220)(22)  
3P6 6 (221)(31)  
3H9 6 (221)(31)B  
1D5 6 (222)(20)  
1L3 6 (222)(40)A  
3D1 4 (211)(20)  
3I1 4 (211)(20)  
1D6 6 (222)(40)  
1L4 6 (222)(40)B  
3D2 4 (211)(21)  
3I2 4 (211)(30)  
1F1 4 (220)(21)  
1M1 6 (222)(30)  
3D3 6 (221)(20)  
3I3 6 (221)(20)  
1F2 6 (222)(10)  
1M2 6 (222)(40)  
3D4 6 (221)(21)  
3I4 6 (221)(30)  
1F3 6 (222)(30)  
1N1 4 (220)(22)  
3D5 6 (221)(31)  
3I5 6 (221)(31)A  
1F4 6 (222)(40)  
1N2 6 (222)(40)  
3F1 2 (110)(10)  
3I6 6 (221)(31)B  
1G1 2 (200)(20)  
1Q 6 (222)(40)  
3F2 4 (211)(10)  
3K1 4 (211)(21)  
1G2 4 (220)(20)  
8S 7 (000)(00)  
4H2 5 (211)(21)  
2D7 7 (222)(40)  
2I1 3 (210)(20)  
6P 5 (110)(11)  
4H3 5 (211)(30)  
2F1 1 (100)(10)  
2I2 5 (221)(20)  
6D 7 (200)(20)  
4H4 7 (220)(21)  
2F2 3 (210)(21)  
2I3 5 (221)(30)  
6F 5 (110)(10)  
4H5 7 (220)(22)  
2F3 5 (221)(10)  
2I4 5 (221)(31)A  
6G 7 (200)(20)  
4I1 3 (111)(20)  
2F4 5 (221)(21)  
2I5 5 (221)(31)B  
6H 5 (110)(11)  
4I2 5 (211)(20)  
2F5 5 (221)(30)  
2I6 7 (222)(20)  
6I 7 (200)(20)  
4I3 5 (211)(30)  
2F6 5 (221)(31)A  
2I7 7 (222)(30)  
4S1 3 (111)(00)  
4I4 7 (220)(20)  
2F7 5 (221)(31)B  
2I8 7 (222)(40)A  
4S2 7 (220)(22)  
4I5 7 (220)(22)  
2F8 7 (222)(10)  
2I9 7 (222)(40)B  
4P1 5 (211)(11)  
4K1 5 (211)(21)  
2F9 7 (222)(30)  
2K1 3 (210)(21)  
4P2 5 (211)(30)  
4K2 5 (211)(30)  
2F10 7 (222)(40)  
2K2 5 (221)(21)  
4D1 3 (111)(20)  
4K3 7 (220)(21)  
2G1 3 (210)(20)  
2K3 5 (221)(30)  
4D2 5 (211)(20)  
4L1 5 (211)(21)  
2G2 3 (210)(21)  
2K4 5 (221)(31)A  
4D3 5 (211)(21)  
4L2 7 (220)(21)  
2G3 5 (221)(20)  
2K5 5 (221)(31)B  
4D4 7 (220)(20)  
4L3 7 (220)(22)  
2G4 5 (221)(21)  
2K6 7 (222)(30)  
4D5 7 (220)(21)  
4M 5 (211)(30)  
2G5 5 (221)(30)  
2K7 7 (222)(40)  
4D6 7 (220)(22)  
4N 7 (220)(22)  
2G6 5 (221)(31)  
2L1 3 (210)(21)  
4F1 3 (111)(10)  
2S1 7 (222)(00)  
2G7 7 (222)(20)  
2L2 5 (221)(21)  
4F2 5 (211)(10)  
2S2 7 (222)(40)  
2G8 7 (222)(30)  
2L3 5 (221)(31)  
4F3 5 (211)(21)  
2P1 3 (210)(11)  
2G9 7 (222)(40)A  
2L4 7 (222)(40)A  
4F4 5 (211)(30)  
2P2 5 (221)(11)  
2G10 7 (222)(40)B  
2L5 7 (222)(40)B  
4F5 7 (220)(21)  
2P3 5 (221)(30)  
2H1 3 (210)(11)  
2M1 5 (221)(30)  
4G1 3 (111)(20)  
2P4 5 (221)(31)  
2H2 3 (210)(21)  
2M2 5 (221)(31)  
4G2 5 (211)(20)  
2P5 7 (222)(30)  
2H3 5 (221)(11)  
2M3 7 (222)(30)  
4G3 5 (211)(21)  
2D1 3 (210)(20)  
2H4 5 (221)(21)  
2M4 7 (222)(40)  
4G4 5 (211)(30)  
2D2 3 (210)(21)  
2H5 5 (221)(30)  
2N1 5 (221)(31)  
4G5 7 (220)(20)  
2D3 5 (221)(20)  
2H6 5 (221)(31)A  
2N2 7 (222)(40)  
4G6 7 (220)(21)  
2D4 5 (221)(21)  
2H7 5 (221)(31)B  
2O 5 (221)(31)  
4G7 7 (220)(22)  
2D5 5 (221)(31)  
2H8 7 (222)(30)  
2Q 7 (222)(40)  
4H1 5 (211)(11)  
2D6 7 (222)(20)  
2H9 7 (222)(40)  