           F 12       7 STATES
 3P  3F  3H  1S  1D  1G  1I 
    CFP FOR F 12       17 STATES     7 PARENTS
   1 3P    9
   2 0.487950037   3 0.235702260   4-0.511766316   7 0.130410133   8 0.249716392
   9 0.166666667  10-0.390867980  11-0.136775301  12-0.407205509
   2 3F    11
   1-0.218217890   2 0.230021853   3-0.471404521   4 0.308606700   5 0.370899094
   6 0.188982236   7-0.215165741   9 0.166666666  11-0.288675134  13 0.361873432
  15-0.346944333
   3 3H    14
   2 0.230021853   3 0.235702261   4 0.375090177   5-0.553531667   7 0.061475926
   8-0.144471399   9 0.166666667  10 0.106600358  11 0.100247066  12-0.151522882
  14 0.288675135  15-0.147937561  16 0.337099931  17-0.358870281
   4 1S    1
   9-1.000000000
   5 1D    9
   6-0.267261242   7-0.285714286   8 0.410325903   9 0.166666666  10 0.390867980
  11 0.410325903  12 0.081441102  13-0.241248955  14-0.514601607
   6 1G    11
   6 0.208927724   7 0.305838871   8 0.212958855   9 0.166666667  10 0.142133811
  11-0.240785665  12 0.420560041  13-0.293221480  14 0.384900180  15 0.313822957
  16-0.449466575
   7 1I    9
   9 0.166666667  10-0.248734169  11 0.261116484  12 0.219264505  13 0.360041150
  14 0.084394947  15 0.426401433  16 0.385488519  17 0.571771875
END
  U(K) FOR F 12       7 STATES
 3P  3P     7.855842  0.267261  0.801784  0.0       0.0       0.0       0.0     
 3P  3F     0.0       0.0      -0.925820  0.654654  0.723747  0.0       0.0     
 3P  3H     0.0       0.0       0.0       0.0      -0.690066  1.035098  0.462910
 3F  3F    12.000000  1.000000  0.333333 -1.000000  0.333333  1.000000  0.333333
 3F  3H     0.0       0.0      -0.835711  1.253566 -1.015749  0.0       1.247219
 3H  3H    15.042798  1.982062 -1.065327  0.0       0.908514 -1.362770  1.161553
 1S  1S     4.535574  0.0       0.0       0.0       0.0       0.0       0.0     
 1S  1D     0.0       0.0      -0.755929  0.0       0.0       0.0       0.0     
 1S  1G     0.0       0.0       0.0       0.0      -0.755929  0.0       0.0     
 1S  1I     0.0       0.0       0.0       0.0       0.0       0.0      -0.755929
 1D  1D    10.141854  0.597614  0.641533 -0.737711 -0.706305  0.0       0.0     
 1D  1G     0.0       0.0      -0.947607  1.059457 -0.166821 -1.019294 -0.360375
 1D  1I     0.0       0.0       0.0       0.0      -0.433117  0.992395 -1.376205
 1G  1G    13.606722  1.463850 -0.223814 -0.834106  1.076983 -0.214581 -1.197696
 1G  1I     0.0       0.0      -0.581087  1.087115 -1.439451  1.465865 -1.060173
 1I  1I    16.353246  2.549510 -2.219063  1.775251 -1.274169  0.780266 -0.356532
END
  V(1K) FOR F 12       7 STATES
 3P  3P     1.603567 -0.327327 -0.981981  0.0       0.0       0.0       0.0     
 3P  3F     0.0       0.0       1.133893 -0.801784 -0.886405  0.0       0.0     
 3P  3H     0.0       0.0       0.0       0.0       0.845154 -1.267731 -0.566947
 3P  1S     0.0      -0.654654  0.0       0.0       0.0       0.0       0.0     
 3P  1D     0.0       0.896421 -0.400892 -0.677631  0.0       0.0       0.0     
 3P  1G     0.0       0.0       0.0       0.710705 -0.731925 -0.540562  0.0     
 3P  1I     0.0       0.0       0.0       0.0       0.0       0.435815 -1.060660
 3F  3F     2.449490 -1.224745 -0.408248  1.224745 -0.408248 -1.224745 -0.408248
 3F  3H     0.0       0.0       1.023533 -1.535299  1.244033  0.0      -1.527525
 3F  1S     0.0       0.0       0.0      -0.654654  0.0       0.0       0.0     
 3F  1D     0.0      -1.035098  0.755929  0.243975 -0.809174 -0.487950  0.0     
 3F  1G     0.0       1.085620 -1.085620  0.327327  0.637059 -0.795686 -0.690849
 3F  1I     0.0       0.0       0.0       0.393398 -0.830298  1.174218 -1.128152
 3H  3H     3.070598 -2.427521  1.304753  0.0      -1.112697  1.669046 -1.422607
 3H  1S     0.0       0.0       0.0       0.0       0.0      -0.654654  0.0     
 3H  1D     0.0       0.0       0.0      -0.611678  0.975900 -0.622017 -0.790569
 3H  1G     0.0      -1.035098  1.309307 -0.997446  0.205445  0.711684 -1.167748
 3H  1I     0.0       0.834523 -1.274755  1.471960 -1.403459  1.093566 -0.621582
END
  E-S FOR F 12       7 STATES 12 PARAMETERS   0 OFFDIAGONALS
 3P     0.220513    0.044289   -0.156894   -0.020154    0.076923   -0.107692
 3F    -0.023932   -0.016317   -0.020919   -0.010154   -0.423077   -0.107692
 3H    -0.090598   -0.032846    0.016165    0.007846    0.076923   -0.107692
 1S     0.287179    0.195804    0.251031   -0.022154   -0.923077   -1.107692
 1D     0.104957   -0.076923    0.115056   -0.016154    0.243590    0.292308
 1G    -0.112821    0.103059    0.028526   -0.002154    0.243590    0.292308
 1I     0.131624    0.022250    0.018067    0.019846    0.243590    0.292308
 3P     3.333504    0.0         0.0         0.0         0.0         0.0     
 3F     0.0         0.0         0.0         0.0         0.0         0.0     
 3H    -0.909137    0.0         0.0         0.0         0.0         0.0     
 1S     0.0         0.0         0.0         0.0         0.0         0.0     
 1D    -1.111168    0.0         0.0         0.0         0.0         0.0     
 1G     0.0         0.0         0.0         0.0         0.0         0.0     
 1I     0.707107    0.0         0.0         0.0         0.0         0.0     
END
  MK,PK FOR F 12       7 STATES
 3P  3P    -30.499998 -72.499985 -82.045441  -0.238889  -0.047980   0.169969
 3P  1S     16.999998   1.000000   0.454545  -0.544444  -0.247475  -0.067988
 3P  1D    -24.921375  -3.742770  -3.195049   0.495993  -0.034578  -0.093096
 3F  3F    -91.670601  -9.354143   5.952636   0.020787   0.047243   0.127193
 3F  1D     31.939003   2.213596 -11.930413  -0.186223   0.135754  -0.107498
 3F  1G    -38.141184   8.090556 -10.575741  -0.165831   0.156085  -0.030749
 3H  3H   -101.601915  21.102453  11.063005   0.535614   0.216221  -0.022919
 3H  1G     42.058291 -15.533488  -6.250511   0.263523  -0.122687  -0.029318
 3H  1I   -39.517403  -12.631662   -0.636162    0.099148   -0.004097    0.01030
END
