            F 2       7 STATES  
 3P  3F  3H  1S  1D  1G  1I 
    CFP FOR F 2        7 STATES     1 PARENTS   
   1 3P    1
   1 1.000000000
   2 3F    1
   1 1.000000000
   3 3H    1
   1 1.000000000
   4 1S    1
   1 1.000000000
   5 1D    1
   1 1.000000000
   6 1G    1
   1 1.000000000
   7 1I    1
   1 1.000000000
END 
  U(K)  FOR F 2        7 STATES     
 3P  3P     1.309307  0.267261 -0.801784  0.0       0.0       0.0       0.0 
 3P  3F     0.0       0.0       0.925820  0.654654 -0.723747  0.0       0.0 
 3P  3H     0.0       0.0       0.0       0.0       0.690066  1.035098 -0.462910    
 3F  3F     2.000000  1.000000 -0.333333 -1.000000 -0.333333  1.000000 -0.333333    
 3F  3H     0.0       0.0       0.835711  1.253566  1.015749  0.0      -1.247219    
 3H  3H     2.507133  1.982062  1.065327  0.0      -0.908514 -1.362770 -1.161553    
 1S  1S     0.755929  0.0       0.0       0.0       0.0       0.0       0.0 
 1S  1D     0.0       0.0       0.755929  0.0       0.0       0.0       0.0 
 1S  1G     0.0       0.0       0.0       0.0       0.755929  0.0       0.0 
 1S  1I     0.0       0.0       0.0       0.0       0.0       0.0       0.755929    
 1D  1D     1.690309  0.597614 -0.641533 -0.737711  0.706305  0.0       0.0 
 1D  1G     0.0       0.0       0.947607  1.059457  0.166821 -1.019294  0.360375    
 1D  1I     0.0       0.0       0.0       0.0       0.433117  0.992395  1.376205    
 1G  1G     2.267787  1.463850  0.223814 -0.834106 -1.076983 -0.214581  1.197696    
 1G  1I     0.0       0.0       0.581087  1.087115  1.439451  1.465865  1.060173    
 1I  1I     2.725541  2.549510  2.219063  1.775251  1.274169  0.780266  0.356532    
END 
  V(1K) FOR F 2        7 STATES     
 3P  3P     1.603567  0.327327 -0.981981  0.0       0.0       0.0       0.0 
 3P  3F     0.0       0.0       1.133893  0.801784 -0.886405  0.0       0.0 
 3P  3H     0.0       0.0       0.0       0.0       0.845154  1.267731 -0.566947    
 3P  1S     0.0       0.654654  0.0       0.0       0.0       0.0       0.0 
 3P  1D     0.0      -0.896421 -0.400892  0.677631  0.0       0.0       0.0 
 3P  1G     0.0       0.0       0.0      -0.710705 -0.731925  0.540562  0.0 
 3P  1I     0.0       0.0       0.0       0.0       0.0      -0.435815 -1.060660    
 3F  3F     2.449490  1.224745 -0.408248 -1.224745 -0.408248  1.224745 -0.408248    
 3F  3H     0.0       0.0       1.023533  1.535299  1.244033  0.0      -1.527525    
 3F  1S     0.0       0.0       0.0       0.654654  0.0       0.0       0.0 
 3F  1D     0.0       1.035098  0.755929 -0.243975 -0.809174  0.487950  0.0 
 3F  1G     0.0      -1.085620 -1.085620 -0.327327  0.637059  0.795686 -0.690849    
 3F  1I     0.0       0.0       0.0      -0.393398 -0.830298 -1.174218 -1.128152    
 3H  3H     3.070598  2.427521  1.304753  0.0      -1.112697 -1.669046 -1.422607    
 3H  1S     0.0       0.0       0.0       0.0       0.0       0.654654  0.0 
 3H  1D     0.0       0.0       0.0       0.611678  0.975900  0.622017 -0.790569    
 3H  1G     0.0       1.035098  1.309307  0.997446  0.205445 -0.711684 -1.167748    
 3H  1I     0.0      -0.834523 -1.274755 -1.471960 -1.403459 -1.093566 -0.621582    
END 
  E-S FOR   F 2        7STATES     6 PARAMETERS     0 OFFDIAGONALS  
 3P     0.220513    0.044289   -0.156894   -0.020154    0.076923   -0.107692
 3F    -0.023932   -0.016317   -0.020919   -0.010154   -0.423077   -0.107692
 3H    -0.090598   -0.032846    0.016165    0.007846    0.076923   -0.107692
 1S     0.287179    0.195804    0.251031   -0.022154   -0.923077   -1.107692
 1D     0.104957   -0.076923    0.115056   -0.016154    0.243590    0.292308
 1G    -0.112821    0.103059    0.028526   -0.002154    0.243590    0.292308
 1I     0.131624    0.022250    0.018067    0.019846    0.243590    0.292308
END 
  MK,PK FOR F 2        7 STATES     
 3P  3P    -30.499998 -72.499985 -82.045441  -0.238889  -0.047980   0.169969
 3P  1S     16.999998   1.000000   0.454545  -0.544444  -0.247475  -0.067988
 3P  1D    -24.921375  -3.742770  -3.195049   0.495993  -0.034578  -0.093096
 3F  3F    -91.670601  -9.354143   5.952636   0.020787   0.047243   0.127193
 3F  1D     31.939003   2.213596 -11.930413  -0.186223   0.135754  -0.107498
 3F  1G    -38.141184   8.090556 -10.575741  -0.165831   0.156085  -0.030749
 3H  3H   -101.601915  21.102453  11.063005   0.535614   0.216221  -0.022919
 3H  1G     42.058291 -15.533488  -6.250511   0.263523  -0.122687  -0.029318
 3H  1I   -39.517403  -12.631662   -0.636162    0.099148   -0.004097    0.01030
END 
