            F 3      17 STATES  
 4S  4D  4F  4G  4I  2P  2D1 2D2 2F1 2F2 2G1 2G2 2H1 2H2 2I  2K  2L     
    CFP FOR F 3       17 STATES     7 PARENTS   
   1 4S    1
   2 1.000000000
   2 4D    3
   1-0.654653671   2-0.471404521   3-0.590936840
   3 4F    3
   1 0.267261242   2-0.816496581   3 0.511766316
   4 4G    3
   1 0.511766316   2-0.471404521   3-0.718243006
   5 4I    2
   2-0.471404521   3 0.881917104    
   6 2P    3
   2-0.707106781   5 0.487950036   6-0.511766316
   7 2D1   5
   1 0.247435830   2-0.623609564   3 0.223353131   5-0.404061018   6 0.580288457    
   8 2D2   4
   1 0.473803541   3-0.524890659   5 0.580288457   6 0.404061018
   9 2F1   7
   1-0.267261242   2-0.408248290   3-0.511766316   4 0.534522484   5-0.199204768    
   6-0.267261242   7-0.321208037    
  10 2F2   5
   1 0.626783170   3-0.327326835   5-0.467176592   6-0.227921153   7 0.479372485    
  11 2G1   6
   1-0.193429486   2-0.623609564   3 0.271470339   5 0.432521479   6-0.340522353    
   7 0.443812682
  12 2G2   5
   1-0.575875553   3-0.410325903   5 0.085846459   6 0.594761714   7 0.372677996    
  13 2H1   4
   2-0.707106781   5 0.230021853   6 0.375090177   7-0.553531667
  14 2H2   4
   3-0.707106781   5 0.490653381   6-0.492365964   7-0.129749824
  15 2I    4
   2-0.623609564   3-0.333333333   6 0.369274473   7 0.603022689
  16 2K    3
   3-0.707106781   6 0.492365964   7-0.507519219
  17 2L    2
   3-0.707106781   7 0.707106781    
END 
  U(K)  FOR F 3       17 STATES     
 4S  4S     1.133893  0.0       0.0       0.0       0.0       0.0       0.0 
 4S  4D     0.0       0.0      -0.534522  0.0       0.0       0.0       0.0 
 4S  4F     0.0       0.0       0.0      -0.925820  0.0       0.0       0.0 
 4S  4G     0.0       0.0       0.0       0.0      -0.534522  0.0       0.0 
 4S  4I     0.0       0.0       0.0       0.0       0.0       0.0      -0.534522    
 4D  4D     2.535463  0.597614  0.991460  0.368856  0.706305  0.0       0.0 
 4D  4F     0.0       0.000000  0.755929 -0.731925 -0.809174  0.000000  0.0 
 4D  4G     0.0       0.0       0.947607 -0.529728 -0.027804 -1.019294 -0.720750    
 4D  4I     0.0       0.0       0.0       0.0      -0.866234  0.992395  0.275241    
 4F  4F     3.000000  1.000000 -0.500000 -0.500000 -0.500000  1.000000 -0.500000    
 4F  4G     0.0       0.000000  1.085620  0.981981 -0.637059 -0.000000  0.690849    
 4F  4I     0.0       0.0       0.0       1.180194  0.830298  0.000000  1.128152    
 4G  4G     3.401680  1.463850 -0.037302  0.417053  1.053570 -0.214581  0.865002    
 4G  4I     0.0       0.0      -1.162174 -0.543557  1.039603  1.465865 -0.530087    
 4I  4I     4.088311  2.549510  0.443813 -0.887625 -0.637085  0.780266  1.782662    
 2P  2P     1.963961  0.267261 -0.267261  0.0       0.0       0.0       0.0 
 2P  2D1    0.0       0.000000  0.349927 -0.887227  0.0       0.0       0.0 
 2P  2D2    0.0       0.000000  0.670059  0.283152  0.0       0.0       0.0 
 2P  2F1    0.0       0.0       0.534522  0.000000 -0.417855  0.0       0.0 
 2P  2F2    0.0       0.0      -0.000000 -0.443203 -0.311805  0.0       0.0 
 2P  2G1    0.0       0.0       0.0       0.930532  0.638877  0.000000  0.0 
 2P  2G2    0.0       0.0       0.0      -0.461728  0.348710 -0.000000  0.0 
 2P  2H1    0.0       0.0       0.0       0.0       0.230022  1.035098 -0.154303    
 2P  2H2    0.0       0.0       0.0       0.0       0.490653  0.000000  0.506370    
 2P  2I     0.0       0.0       0.0       0.0       0.0       0.000000  0.925820    
 2P  2K     0.0       0.0       0.0       0.0       0.0       0.0      -0.468807    
 2D1 2D1    2.535463  0.597614 -0.558217 -0.105387  0.100901  0.0       0.0 
 2D1 2D2    0.000000  0.000000 -0.287168  0.681079  0.408376  0.0       0.0 
 2D1 2F1    0.0       0.000000  0.571429 -0.000000 -0.611678  0.000000  0.0 
 2D1 2F2    0.0       0.000000  0.670059  0.648782  0.195615  0.000000  0.0 
 2D1 2G1    0.0       0.0       0.135372  0.151351  0.079439 -1.019294  0.360375    
 2D1 2G2    0.0       0.0       0.403029  0.135180 -0.806478 -0.000000 -0.363137    
 2D1 2H1    0.0       0.0       0.0       0.800874  0.851835  0.000000 -0.690066    
 2D1 2H2    0.0       0.0       0.0      -0.854161 -0.227128  0.000000 -0.549963    
 2D1 2I     0.0       0.0       0.0       0.0       0.433117  0.992395  0.511162    
 2D1 2K     0.0       0.0       0.0       0.0       0.0       0.000000  0.767266    
 2D1 2L     0.0       0.0       0.0       0.0       0.0       0.0      -0.365292    
 2D2 2D2    2.535463  0.597614  0.674859  0.197601 -0.341686  0.0       0.0 
 2D2 2F1    0.0       0.000000 -0.820652  0.000000 -0.425918 -0.000000  0.0 
 2D2 2F2    0.0       0.000000 -0.349927  0.451754  0.454030  1.006179  0.0 
 2D2 2G1    0.0       0.0      -0.318132  0.474243  0.423152  0.000000 -0.564599    
 2D2 2G2    0.0       0.0       0.771742 -0.345133 -0.434755 -0.290544 -0.790174    
 2D2 2H1    0.0       0.0       0.0       0.313682  0.268767  0.000000  0.360375    
 2D2 2H2    0.0       0.0       0.0       0.446071 -0.434918  0.977008  0.464603    
 2D2 2I     0.0       0.0       0.0       0.0       0.565470 -0.000000 -0.123206    
 2D2 2K     0.0       0.0       0.0       0.0       0.0       1.016395  0.066782    
 2D2 2L     0.0       0.0       0.0       0.0       0.0       0.0       0.858453    
 2F1 2F1    3.000000  1.000000  0.666667  1.000000  0.666667  1.000000  0.666667    
 2F1 2F2    0.000000 -0.000000 -0.781736  0.000000 -0.284268 -0.000000  0.497468    
 2F1 2G1    0.0       0.000000  0.820652  0.000000 -0.481571 -0.000000  0.522233    
 2F1 2G2    0.0       0.000000  0.162882  0.000000  0.841120 -0.000000  0.438529    
 2F1 2H1    0.0       0.0       0.482498  0.000000  0.586443 -0.000000 -0.720082    
 2F1 2H2    0.0       0.0       1.029203  0.000000 -0.769800  0.000000 -0.168790    
 2F1 2I     0.0       0.0       0.0      -0.000000  0.627646  0.000000  0.852803    
 2F1 2K     0.0       0.0       0.0       0.0       0.898933  0.000000 -0.770977    
 2F1 2L     0.0       0.0       0.0       0.0       0.0       0.000000  1.143544    
 2F2 2F2    3.000000  1.000000  1.166667  0.500000 -0.106061 -0.590909 -0.606061    
 2F2 2G1    0.0      -0.000000 -0.874818 -0.316521 -0.780302  0.000000  0.111340    
 2F2 2G2    0.0       0.000000 -1.145978 -0.575876 -0.582814 -1.055290 -0.560968    
 2F2 2H1    0.0       0.0      -0.720082  0.231455 -0.437605 -0.000000 -0.307044    
 2F2 2H2    0.0       0.0       0.438854 -0.000000 -0.902671 -0.369274 -0.395847    
 2F2 2I     0.0       0.0       0.0       0.665719 -0.602166 -0.000000  0.181818    
 2F2 2K     0.0       0.0       0.0       0.0      -0.191653  0.503090 -0.739678    
 2F2 2L     0.0       0.0       0.0       0.0       0.0       1.147671  0.121902    
 2G1 2G1    3.401680  1.463850  0.106578 -0.119158 -0.762584 -0.214581  0.266155    
 2G1 2G2   -0.000000 -0.000000  0.628260  0.936555 -0.168515 -0.000000  0.201146    
 2G1 2H1    0.0       0.000000  1.142857  1.305963  0.179327 -0.000000 -1.019294    
 2G1 2H2    0.0       0.000000  0.609449  0.857143  0.294245  0.000000  0.692886    
 2G1 2I     0.0       0.0       0.581087  0.155302  0.319878  1.465865  0.605813    
 2G1 2K     0.0       0.0       0.0      -1.000927 -0.760600 -0.000000 -0.172556    
 2G1 2L     0.0       0.0       0.0       0.0       0.448005  0.000000 -1.009118    
 2G2 2G2    3.401680  1.463850  0.199301  0.602939  0.948085  0.998625  0.045042    
 2G2 2H1    0.0      -0.000000  0.623791  0.328993 -0.639985 -0.000000  0.342368    
 2G2 2H2    0.0       0.000000 -0.204707 -0.287904  0.247083  0.898717 -0.654057    
 2G2 2I     0.0       0.0       1.171080  0.586846 -0.201456  0.000000 -0.381535    
 2G2 2K     0.0       0.0       0.0       0.336199  1.021905  1.097120 -0.246327    
 2G2 2L     0.0       0.0       0.0       0.0       0.902876  0.967569  0.141229    
 2H1 2H1    3.760699  1.982062  0.355109  0.000000 -0.302838 -1.362770 -0.387184    
 2H1 2H2    0.000000  0.000000  0.233069  0.626783  0.621130  0.000000 -0.254121    
 2H1 2I     0.0      -0.000000  1.112697  1.927248  1.225039  0.000000  0.542561    
 2H1 2K     0.0       0.0       0.872872  0.731925  0.101100 -0.000000  0.733345    
 2H1 2L     0.0       0.0       0.0      -0.779194 -0.802458  0.0       0.867706    
 2H2 2H2    3.760699  1.982062  0.005463 -0.499529  0.495023  1.153113 -0.005957    
 2H2 2I     0.0       0.000000 -0.052164 -0.225877 -0.358942 -0.000000  0.890248    
 2H2 2K     0.0       0.0       0.818417  0.754890 -0.104272 -1.117252 -1.323621    
 2H2 2L     0.0       0.0       0.0       0.365292  0.827636  1.205010  1.118664    
 2I  2I     4.088311  2.549510  0.824224  0.253607  0.728097  0.780266 -0.356532    
 2I  2K     0.0      -0.000000  0.494872  1.031732  0.933237 -0.000000 -0.938099    
 2I  2L     0.0       0.0       1.178030  1.530306  1.010674 -0.000000 -0.640843    
 2K  2K     4.391550  3.162278  1.328427 -0.223695 -0.870017 -0.620494 -0.075108    
 2K  2L     0.0       0.000000  0.360697  0.975062  1.527628  1.641673  1.141543    
 2L  2L     4.675162  3.817254  2.401636  0.907733 -0.200835 -0.666094 -0.534271    
END 
  V(1K) FOR F 3       17 STATES     
 4S  4S     1.463850  0.0       0.0       0.0       0.0       0.0       0.0 
 4S  4D     0.0       0.0      -0.690066  0.0       0.0       0.0       0.0 
 4S  4F     0.0       0.0       0.0      -1.195229  0.0       0.0       0.0 
 4S  4G     0.0       0.0       0.0       0.0      -0.690066  0.0       0.0 
 4S  4I     0.0       0.0       0.0       0.0       0.0       0.0      -0.690066    
 4S  2P     0.0       0.925820  0.0       0.0       0.0       0.0       0.0 
 4S  2D1    0.0       0.0       0.816497  0.0       0.0       0.0       0.0 
 4S  2F1    0.0       0.0       0.0       0.534522  0.0       0.0       0.0 
 4S  2G1    0.0       0.0       0.0       0.0       0.816497  0.0       0.0 
 4S  2H1    0.0       0.0       0.0       0.0       0.0       0.925820  0.0 
 4S  2I     0.0       0.0       0.0       0.0       0.0       0.0       0.816497    
 4D  4D     3.273268  0.771517  1.279970  0.476190  0.911835  0.0       0.0 
 4D  4F     0.0       0.000000  0.975900 -0.944911 -1.044639  0.000000  0.0 
 4D  4G     0.0       0.0       1.223355 -0.683877 -0.035894 -1.315903 -0.930484    
 4D  4I     0.0       0.0       0.0       0.0      -1.118303  1.281177  0.355335    
 4D  2P     0.0       0.597614  0.267261 -0.451754  0.0       0.0       0.0 
 4D  2D1   -0.000000 -0.130410  0.852691  0.643927 -0.154128  0.0       0.0 
 4D  2D2   -0.000000  1.498298  0.438657  0.693577  0.362209  0.0       0.0 
 4D  2F1    0.0      -1.195229 -0.000000 -0.563436  0.000000 -0.563436  0.0 
 4D  2F2    0.0      -0.000000  1.023533  0.660687  0.996024  0.840875  0.0 
 4D  2G1    0.0       0.0      -0.206785 -0.924770 -0.121345  0.222428 -0.550482    
 4D  2G2    0.0       0.0      -0.615637  0.137661 -0.715305 -0.728431 -1.109400    
 4D  2H1    0.0       0.0       0.0      -0.407785 -0.650600 -0.414678  0.527046    
 4D  2H2    0.0       0.0       0.0      -0.869835  0.693889 -0.272166  0.049417    
 4D  2I     0.0       0.0       0.0       0.0      -0.661597 -0.216558 -0.780812    
 4D  2K     0.0       0.0       0.0       0.0       0.0      -1.019294  0.468807    
 4D  2L     0.0       0.0       0.0       0.0       0.0       0.0      -1.115984    
 4F  4F     3.872983  1.290994 -0.645497 -0.645497 -0.645497  1.290994 -0.645497    
 4F  4G     0.0       0.000000  1.401530  1.267731 -0.822440 -0.000000  0.891883    
 4F  4I     0.0       0.0       0.0       1.523624  1.071909  0.000000  1.456438    
 4F  2P     0.0       0.0      -0.925820 -0.654654  0.723747  0.0       0.0 
 4F  2D1    0.0       1.355262  0.659829 -0.000000 -0.706305  0.638877  0.0 
 4F  2D2    0.0      -0.432521  0.710705 -0.000000  0.368856  0.250232  0.0 
 4F  2F1   -0.000000 -0.577350  0.000000  1.154701  0.000000 -0.577350  0.000000    
 4F  2F2    0.000000 -0.677003 -0.677003  0.000000 -0.246183  0.184637  0.430820    
 4F  2G1    0.0      -1.421411 -0.947607 -0.000000  0.556071  1.041798 -0.603023    
 4F  2G2    0.0       0.705301  0.141060 -0.000000  0.728431  0.262445  0.379777    
 4F  2H1    0.0       0.0      -0.835711 -1.253566 -1.015749  0.0       1.247219    
 4F  2H2    0.0       0.0       0.891316  0.0      -0.666667  0.500000 -0.146176    
 4F  2I     0.0       0.0       0.0      -0.000000 -0.724743 -1.537412 -0.984732    
 4F  2K     0.0       0.0       0.0       0.0       0.778499  0.583874 -0.667686    
 4F  2L     0.0       0.0       0.0       0.0       0.0       0.621582  0.990338    
 4G  4G     4.391550  1.889822 -0.048157  0.538413  1.360153 -0.277022  1.116713    
 4G  4I     0.0       0.0      -1.500361 -0.701729  1.342122  1.892424 -0.684339    
 4G  2P     0.0       0.0       0.0       0.473804  0.487950 -0.360375  0.0 
 4G  2D1    0.0       0.0      -0.206785 -0.924770 -0.121345  0.222428 -0.550482    
 4G  2D2    0.0       0.0      -0.836921  0.482945 -0.646375 -0.421078 -0.718699    
 4G  2F1    0.0       1.253566  0.000000 -0.755929 -0.000000 -0.918780  0.000000    
 4G  2F2    0.0       0.935414  0.400892  0.322329  1.191931  0.685596  0.765339    
 4G  2G1   -0.000000 -0.319438 -0.162801  0.728067  1.164866  0.046825 -0.406558    
 4G  2G2   -0.000000  1.046130  1.652787  0.953741  0.257411  1.002663  0.256046    
 4G  2H1    0.0      -0.690066 -0.872872 -0.664964 -0.136964  0.474456  0.778499    
 4G  2H2    0.0      -1.471960 -0.465475  0.872872  0.449467 -0.973124  0.456207    
 4G  2I     0.0       0.0      -0.887625 -0.948911 -0.488622 -0.319878 -0.925395    
 4G  2K     0.0       0.0       0.0      -1.019294 -1.161836 -0.158394  1.186123    
 4G  2L     0.0       0.0       0.0       0.0      -0.684339 -1.257211 -1.284544    
 4I  4I     5.277987  3.291403  0.572960 -1.145919 -0.822473  1.007319  2.301406    
 4I  2P     0.0       0.0       0.0       0.0       0.0       0.290544  0.707107    
 4I  2D1    0.0       0.0       0.0       0.0      -0.661597 -0.216558 -0.780812    
 4I  2D2    0.0       0.0       0.0       0.0       1.036523 -0.678564  0.188200    
 4I  2F1    0.0       0.0       0.0      -0.908514  0.000000  1.355870  0.000000    
 4I  2F2    0.0       0.0       0.0      -0.677935 -0.204405  0.578145 -0.277732    
 4I  2G1    0.0       0.0      -0.887625 -0.948911 -0.488622 -0.319878 -0.925395    
 4I  2G2    0.0       0.0       0.894427  0.597614 -0.369274 -0.644658  0.582804    
 4I  2H1    0.0       0.556349  0.849837  0.981307  0.935639  0.729044  0.414388    
 4I  2H2    0.0      -1.825742 -1.354592  0.230022  1.272040  0.478494 -1.359876    
 4I  2I    -0.000000 -0.556349 -1.259022 -1.549566 -1.112186 -0.170268  0.544612    
 4I  2K     0.0       1.690309  1.889822  1.050665 -0.316787 -1.380844 -1.432969    
 4I  2L     0.0       0.0       0.899735  1.558387  1.852596  1.633836  0.978904    
 2P  2P     0.801784  0.000000  0.654654  0.0       0.0       0.0       0.0 
 2P  2D1    0.0      -1.118034 -0.071429 -0.241473  0.0       0.0       0.0 
 2P  2D2    0.0       0.000000  0.820652  0.346789  0.0       0.0       0.0 
 2P  2F1    0.0       0.0      -0.000000 -0.462910  0.000000  0.0       0.0 
 2P  2F2    0.0       0.0      -0.000000 -0.542810 -0.381881  0.0       0.0 
 2P  2G1    0.0       0.0       0.0       0.253259 -0.130410  0.674200  0.0 
 2P  2G2    0.0       0.0       0.0      -0.565499  0.427081 -0.000000  0.0 
 2P  2H1    0.0       0.0       0.0       0.0      -0.563436 -0.000000  0.377964    
 2P  2H2    0.0       0.0       0.0       0.0       0.600925  0.000000  0.620174    
 2P  2I     0.0       0.0       0.0       0.0       0.0      -0.543557 -0.188982    
 2P  2K     0.0       0.0       0.0       0.0       0.0       0.0      -0.574169    
 2D1 2D1    1.035098  0.069707 -0.353741  0.430242 -0.659080  0.0       0.0 
 2D1 2D2   -0.000000 -0.800874 -0.586180  0.463416  0.306547  0.0       0.0 
 2D1 2F1    0.0      -0.319438 -0.000000  0.527046  0.000000 -0.150585  0.0 
 2D1 2F2    0.0       0.000000  0.273551  0.441440 -0.292818 -0.449467  0.0 
 2D1 2G1    0.0       0.0      -0.884249 -0.617888 -0.042160 -0.118893  0.294245    
 2D1 2G2    0.0       0.0       0.822679  0.091978 -0.605382  0.389363  0.148250    
 2D1 2H1    0.0       0.0       0.0       0.217970 -0.173880 -0.775791  0.140859    
 2D1 2H2    0.0       0.0       0.0      -0.581183 -0.649073  0.145479 -0.699979    
 2D1 2I     0.0       0.0       0.0       0.0       0.353638  0.115755 -0.642095    
 2D1 2K     0.0       0.0       0.0       0.0       0.0       0.544836  0.689117    
 2D1 2L     0.0       0.0       0.0       0.0       0.0       0.0       0.149130    
 2D2 2D2    1.035098  0.662218 -0.336735 -0.242011 -0.828531  0.0       0.0 
 2D2 2F1    0.0      -0.611678  0.000000 -0.000000  0.000000  0.353881  0.0 
 2D2 2F2    0.0      -0.912871 -0.642857 -0.553283 -0.333642  0.352089  0.0 
 2D2 2G1    0.0       0.0       0.057723  0.322681  0.863755  0.225076 -0.307329    
 2D2 2G2    0.0       0.0       0.472593  0.422700 -0.266232  0.508345  0.154842    
 2D2 2H1    0.0       0.0       0.0       0.384181  0.329172  0.000000  0.441367    
 2D2 2H2    0.0       0.0       0.0      -0.546324  0.338968  0.854704  0.631095    
 2D2 2I     0.0       0.0       0.0       0.0       0.138511  0.362708 -0.251492    
 2D2 2K     0.0       0.0       0.0       0.0       0.0      -0.035566  0.670685    
 2D2 2L     0.0       0.0       0.0       0.0       0.0       0.0      -0.350462    
 2F1 2F1    1.224745  0.816497  1.224745  0.816497  1.224745  0.816497  1.224745    
 2F1 2F2    0.000000  0.957427  0.000000 -0.000000 -0.000000 -0.261116  0.000000    
 2F1 2G1    0.0      -0.335030 -0.000000 -0.707107  0.000000  0.245554 -0.000000    
 2F1 2G2    0.0      -0.997446 -0.000000  0.000000  0.000000 -0.371154 -0.000000    
 2F1 2H1    0.0       0.0      -0.000000 -0.886405 -0.000000 -0.000000  0.000000    
 2F1 2H2    0.0       0.0      -0.000000  0.000000 -0.000000 -0.707107 -0.000000    
 2F1 2I     0.0       0.0       0.0      -0.849837  0.000000 -0.362372 -0.000000    
 2F1 2K     0.0       0.0       0.0       0.0      -0.000000 -0.825723  0.000000    
 2F1 2L     0.0       0.0       0.0       0.0       0.0      -0.879049 -0.000000    
 2F2 2F2    1.224745 -0.408248  0.204124 -0.612372 -0.315465 -0.278351  0.705156    
 2F2 2G1    0.0       0.500000 -0.857143 -0.215365 -0.318557  0.366466  0.545455    
 2F2 2G2    0.0      -0.000000 -0.467844  0.705301  0.274538  0.184637  0.458029    
 2F2 2H1    0.0       0.0      -0.881917  0.283473 -0.535955 -0.000000 -0.376051    
 2F2 2H2    0.0       0.0      -0.268742 -0.000000 -0.502519 -0.904534 -0.352591    
 2F2 2I     0.0       0.0       0.0       0.452964 -0.846758  0.309031  0.074227    
 2F2 2K     0.0       0.0       0.0       0.0      -0.938905  0.088022 -0.301972    
 2F2 2L     0.0       0.0       0.0       0.0       0.0       0.843363 -0.746495    
 2G1 2G1    1.388730  0.170747 -0.056563  0.486461 -0.237589 -0.025029 -0.923586    
 2G1 2G2   -0.000000 -0.559180 -0.113994  0.637245 -0.343980 -0.535946  0.109490    
 2G1 2H1    0.0      -1.290994 -0.233285  0.355438 -0.036605  0.887625  0.208063    
 2G1 2H2    0.0       0.786796  0.995227  0.583212  0.120125  0.520156  0.604756    
 2G1 2I     0.0       0.0       0.474456 -0.634018 -1.110012  0.170982 -0.061831    
 2G1 2K     0.0       0.0       0.0      -0.681045 -0.310514  0.084665 -0.845346    
 2G1 2L     0.0       0.0       0.0       0.0       0.914486  0.672007 -0.549294    
 2G2 2G2    1.388730 -0.051224 -0.933297 -0.738447 -0.523389  0.587705 -0.634391    
 2G2 2H1    0.0      -0.000000  0.763985  0.402932 -0.783818 -0.000000  0.419314    
 2G2 2H2    0.0      -1.189237 -0.626783  0.352609  0.665750  0.314485 -0.432470    
 2G2 2I     0.0       0.0       0.956183  0.399298 -0.049346  0.344584 -0.778804    
 2G2 2K     0.0       0.0       0.0      -0.411758  0.312893  1.215721  0.656614    
 2G2 2L     0.0       0.0       0.0       0.0       0.552896  0.169289 -0.864849    
 2H1 2H1    1.535299 -0.000000 -0.869835  0.000000  0.741798  0.000000  0.948404    
 2H1 2H2    0.000000  0.000000  0.285450  0.767649  0.760726  0.000000 -0.311233    
 2H1 2I     0.0      -1.040833 -0.227128  0.524531 -0.250060 -1.363917 -0.110750    
 2H1 2K     0.0       0.0       1.069045  0.896421  0.123822 -0.000000  0.898161    
 2H1 2L     0.0       0.0       0.0      -0.954314 -0.982807  0.0       1.062719    
 2H2 2H2    1.535299  1.456512  1.170932  0.611795  0.049929  0.128388  1.087017    
 2H2 2I     0.0      -0.975900 -0.787948 -0.153690  0.240321  0.255766  0.363442    
 2H2 2K     0.0       0.0      -0.501176 -0.924547 -1.033266 -0.586435  0.147373    
 2H2 2L     0.0       0.0       0.0      -0.447389 -0.645046 -0.491943 -0.124553    
 2I  2I     1.669046  0.297381 -1.035347 -1.035347 -0.074311  0.091012 -1.164430    
 2I  2K     0.0      -0.903508 -0.404061  0.702005  1.312307  0.738092 -0.382977    
 2I  2L     0.0       0.0       0.961858  1.041241  0.247564 -0.873322 -1.308116    
 2K  2K     1.792843  1.244888  0.565907  0.273969  0.564114  1.085638  1.149852    
 2K  2L     0.0      -1.508902 -1.767045 -1.194202 -0.207884  0.574466  0.699049    
 2L  2L     1.908627  1.168791  0.0      -1.111742 -1.721801 -1.631591 -0.981518    
END 
  E-S FOR   F 3       17STATES    12 PARAMETERS    23 OFFDIAGONALS  
 4S    -0.071795   -0.048951   -0.062758   -0.030462   -1.269231   -0.323077
 4D     0.172650    0.011655   -0.198733   -0.024462   -0.102564   -0.323077
 4F    -0.071795   -0.048951   -0.062758   -0.018462   -0.769231   -0.323077
 4G     0.017094   -0.026912   -0.112203   -0.010462   -0.102564   -0.323077
 4I    -0.227350   -0.087519    0.023772    0.011538   -0.102564   -0.323077
 2P    -0.049573    0.001554    0.073217   -0.028462   -0.269231    0.276923
 2D1   -0.063541    0.050616    0.034367   -0.024462   -0.102564    0.276923
 2D2    0.124396   -0.024551    0.037899   -0.024462    0.480769    0.276923
 2F1    0.239316    0.163170    0.209193   -0.018462   -0.769231   -0.923077
 2F2    0.372650    0.022674   -0.087481   -0.018462    0.480769    0.276923
 2G1    0.074237   -0.015500    0.046729   -0.010462   -0.102564    0.276923
 2G2    0.111062    0.144411   -0.107585   -0.010462    0.480769    0.276923
 2H1    0.054131    0.027266    0.015531   -0.000462   -0.269231    0.276923
 2H2   -0.135499   -0.028749    0.129002   -0.000462    0.480769    0.276923
 2I     0.039316    0.036448    0.012361    0.011538   -0.102564    0.276923
 2K    -0.116239    0.042876    0.058954    0.025538    0.480769    0.276923
 2L     0.061538   -0.015893    0.051347    0.041538    0.480769    0.276923
 4S     0.0         3.513240    0.0         0.0         0.0         0.0 
 4D     1.111168    0.097590   -1.167007    0.0         0.0         0.0 
 4F     0.0        -0.878310    0.0         0.0         0.0         0.0 
 4G     0.404061    0.097590    1.060915    0.0         0.0         0.0 
 4I    -0.707107    0.097590   -0.285631    0.0         0.0         0.0 
 2P    -0.252538   -0.585540    0.0        -1.523624    0.0         0.0 
 2D1   -0.209246    0.390360   -0.166715    0.652981    0.866278    0.0 
 2D2   -0.277464   -0.036596    0.471728   -0.085085   -0.154224    1.148245
 2F1    0.0         0.0         0.0         0.0         0.0         0.0 
 2F2   -0.013775   -0.036596    0.198922    0.069256   -0.114847   -0.820175
 2G1   -0.076089    0.390360    0.151559    0.237448   -0.787525    0.0 
 2G2    0.007215   -0.036596   -0.360682    0.061949    0.163815    0.323864
 2H1    0.068874   -0.585540    0.0         0.415534    0.0         0.0 
 2H2   -0.261721   -0.036596   -0.290732   -0.137446    0.047706   -0.264980
 2I     0.133156    0.390360   -0.040804   -0.415534    0.212026    0.0 
 2K     0.036733   -0.036596    0.266249   -0.012786    0.001767   -0.264980
 2L     0.220397   -0.036596   -0.076508    0.063928   -0.026053    0.233805
  -0.043768  1007008  -0.208463  1009010   0.249517  1011012   0.126404  1013014    
   0.153731  2007008  -0.051685  2009010  -0.034369  2011012  -0.078350  2013014    
  -0.121733  3007008   0.115960  3009010  -0.053383  3011012   0.027044  3013014    
   0.135652  7007008   0.710705  7009010   0.128889  7011012   0.391789  9007008    
  -0.229081  9011012   0.261117  9013014  -0.181871 10007008  -0.172804 10011012    
   0.075400 11007008  -0.044087 11011012   0.452267 11013014
END 
  MK,PK FOR F 3       17 STATES     
 4S  2P     11.313709  -7.542472   1.714198   0.000000  -0.000000   0.000000
 4D  4D    -56.097135  85.324201  91.495317   0.602350   0.202371  -0.160248
 4D  4F     19.595916 -29.393869 -48.989786  -0.000000  -0.000000   0.000000
 4D  2P      8.398412  -8.033263   2.821599  -0.223146  -0.055326   0.124128
 4D  2D1    -2.948230 -29.641666  -9.235855   0.535639  -0.233412   0.027087
 4D  2D2    33.872588 -19.668846 -26.115004  -0.457738   0.077761   0.084874
 4D  2F1   -20.448307  11.197882  12.392909   0.973729   0.405720  -0.000000
 4F  4F   -151.846040  -3.944053   6.274629   0.284848   0.159356   0.134073
 4F  4G     38.535695  49.823924  38.040283   0.333024   0.082568  -0.185249
 4F  2D1    23.186202 -20.977988 -14.052246   0.000000  -0.000000  -0.000000
 4F  2D2    -7.399699 -28.902071  -5.503906   0.411094  -0.284538   0.114338
 4F  2F1   -19.402174  -3.527668   0.801742   0.254776   0.142532   0.119919
 4F  2F2   -22.751068 -11.845597  -0.256397  -0.114904  -0.114904   0.140617
 4F  2G1   -30.397368  -5.263610 -15.491773   0.112583   0.027913  -0.062626
 4F  2G2    15.083103 -34.044716  -3.902617   0.368698  -0.228532   0.078882
 4G  4G   -198.031132 -62.878678 -77.321979   0.352825   0.217368   0.231948
 4G  2F1    26.807956  12.301486  13.662452  -0.723389  -0.351672  -0.165692
 4G  2F2    20.004165 -34.800065 -48.613033  -0.222268   0.064293   0.017663
 4G  2G1   -15.419220  19.305075   6.960343  -0.023855   0.124564  -0.102540
 4G  2G2    50.496476  36.434159  50.280289   0.575276  -0.068967  -0.132196
 4G  2H1   -18.552028 -17.197677   3.368449   0.487225  -0.125833  -0.052120
 4G  2H2   -39.572828 -10.928856 -15.147899   0.439698  -0.026841  -0.124004
 4I  4I   -311.717449  39.307475  30.332407   1.228993   0.530932   0.062149
 4I  2H1    18.696404 -19.675002   1.067921   0.396590  -0.207582   0.050910
 4I  2I    -61.355065  13.961230  17.395113  -0.409034  -0.033292   0.167067
 4I  2K    -49.290519 -16.687699   4.230274  -0.207738  -0.040580   0.105860
 4I  2L     70.230096  17.181956  15.206329   0.229510  -0.092468   0.004910
 2P  2P    -13.999999  -9.000003  19.090912   0.288889  -0.227273   0.135975
 2P  2D1   -13.955371   9.954180  -2.528468   0.059638   0.014786  -0.033175
 2P  2D2     3.363671  -3.771386 -12.138873   0.186871   0.046332  -0.103949
 2D1 2D1   -33.562314   9.859998 -12.041861   0.016090   0.236083  -0.144786
 2D1 2D2   -20.307700  13.249307  17.234819   0.024467  -0.034825   0.022684
 2D1 2F1    -0.780719  -4.033720  -8.398651   0.260240   0.108433   0.000000
 2D1 2F2     5.492852  29.766814  35.168881  -0.000000  -0.000000  -0.000000
 2D2 2D2   -10.711830  40.769997  36.811079  -0.378830   0.168421   0.048042
 2D2 2F1   -17.192097 -15.493273 -15.938051   0.207634   0.135563   0.161699
 2D2 2F2   -18.486201  38.558791  48.750830   0.495799   0.006402  -0.172371
 2F1 2F1   -21.202723  -1.247219  -0.566918   0.679041   0.308655   0.084795
 2F1 2F2    23.399902   8.509056   7.493768  -0.519998  -0.260536  -0.144628
 2F1 2G1     2.047065   8.622486   5.441921   0.432158   0.153201  -0.088566
 2F1 2G2   -19.502379  13.001586  16.436658   0.812599   0.338583  -0.000000
 2F2 2F2   -56.748467 -25.057760 -23.990929   0.741402  -0.048675  -0.088650
 2F2 2G1     0.872871 -14.217221 -25.831465  -0.475230   0.137463   0.037765
 2F2 2G2   -12.863569 -64.101277 -65.850407  -0.111167  -0.091873   0.118919
 2G1 2G1   -81.115097 -12.694836  13.551881   0.400504  -0.156037   0.175713
 2G1 2G2   -17.766558 -29.631631 -35.011388   0.136666  -0.040786  -0.009746
 2G1 2H1   -18.480706   4.418706  -1.148603   0.130216  -0.033630  -0.013930
 2G1 2H2    29.805889 -12.207886   3.353669   0.502106  -0.141264  -0.043427
 2G2 2G2   -90.468113 -56.431060 -69.260899  -0.110414   0.067181   0.149363
 2G2 2H1     8.856959   1.655087   2.141200   0.262428  -0.067776  -0.028073
 2G2 2H2   -34.878530   8.022354   0.144232   0.107650   0.030582  -0.063336
 2H1 2H1  -131.513913  -4.659469   3.908995  -0.010987   0.094206   0.152791
 2H1 2H2     4.218478   4.729805  12.622362   0.046872  -0.096843   0.070197
 2H1 2I    -15.898987  12.526473  -1.937257  -0.105993   0.055479  -0.013606
 2H2 2H2   -40.838531   6.744995   3.987467   0.620763   0.076046  -0.043487
 2H2 2I    -33.690090 -25.305962   5.653268   0.288204  -0.231341   0.108437
 2I  2I   -156.264318  -1.940914   4.476145   0.020189   0.196261   0.118352
 2I  2K    -27.602621  20.827432  -7.715747  -0.490713   0.197705  -0.010499
 2K  2K   -106.320400  39.391865  15.714069   0.347452   0.302090  -0.013662
 2K  2L    -68.224626  -7.738828   2.299513  -0.307318   0.057146   0.052600
 2L  2L   -149.969990  16.555128  12.870911   0.714143   0.257393  -0.020372
END 
